# Total pages:	 1100
# Instruction pages:	 81
400,301279
4c64,26671
4009,551
400a,318
401b,234
401c,193
400c,178
4011,108
401,82
4d9c,63
4000,40
400f,39
401d,37
4019,33
4008,32
4017,23
4cae,22
4010,21
400b,20
400d,18
4003,17
4006,17
4cab,17
4ca3,17
4c77,17
4005,15
4c97,13
4007,12
4d6d,12
4c4a,12
4cac,12
4ca4,12
4ca5,11
4012,10
4cb9,10
4002,9
400e,8
4001,7
4013,7
401e,7
4004,7
4018,7
4ca2,7
4ce6,6
4c49,6
4cc0,6
4ca9,6
4caa,6
4d2b,6
4c7a,6
4c78,5
4ca6,5
4c7c,5
4c7b,5
4a28,4
4caf,4
4c7f,4
4c72,4
401a,3
4d21,3
4c74,3
4c65,3
4c79,3
4cb5,2
4cb7,2
4d31,2
4c58,2
4cb1,2
4d26,2
4d20,2
4ca7,2
4c73,2
4c63,2
4cbb,1
4cd4,1
4c5f,1
4014,1
4ca8,1
4cb8,1
4cbe,1
4d3f,1
# Data pages:	 1025
fff000,302145
602,294620
4ff3,26704
4ff0,26701
4fee,20051
401,20012
5007,3232
502e,3232
5055,3232
507c,3232
5090,3232
50a3,3232
50b7,3232
50de,3232
5105,3232
5069,3134
50ca,3032
5042,2932
50f1,2836
501b,2736
5118,2640
5044,2560
5068,2560
506b,2560
508f,2560
5092,2560
5095,2560
509d,2560
509e,2560
50a0,2560
50a9,2560
50b9,2560
50c4,2560
50c5,2560
50c7,2560
50d0,2560
50ec,2560
50ef,2560
50f7,2560
50fa,2560
50fd,2560
5113,2560
5116,2560
511e,2560
5121,2560
5124,2560
50b6,2556
50bc,2556
50cd,2556
50dd,2556
50ee,2556
512a,2556
5111,2554
5127,2554
4fff,2553
5006,2553
5013,2553
5018,2553
502c,2553
503a,2553
5047,2553
504d,2553
505e,2553
5061,2553
506e,2553
5085,2553
5088,2553
50a1,2553
50ac,2553
50c8,2553
50d3,2553
50e0,2553
50f4,2553
511b,2553
5016,2552
5032,2552
503d,2552
5082,2552
509b,2552
50ae,2552
50c2,2552
50e9,2552
5110,2552
5115,2552
501a,2551
5041,2551
5005,2550
503f,2550
509a,2550
50c1,2550
50eb,2550
5107,2550
5112,2550
50b1,2549
5002,2548
5003,2548
5017,2548
502a,2548
503e,2548
5051,2548
5065,2548
508c,2548
5098,2548
50a6,2548
50d5,2548
50e3,2548
5103,2548
502d,2547
504a,2547
5059,2547
5060,2547
5064,2547
5071,2547
5074,2547
5080,2547
5087,2547
508b,2547
5091,2547
50ed,2547
5100,2547
5114,2547
4ff6,2546
4ff9,2546
4ffc,2546
5015,2546
501d,2546
5020,2546
503c,2546
5053,2546
505b,2546
5063,2546
5077,2546
507a,2546
5097,2546
50af,2546
50be,2546
50d6,2546
50e5,2546
50ea,2546
5104,2546
510c,2546
510f,2546
512b,2546
4ff4,2544
5037,2544
5050,2544
5054,2544
508a,2544
5094,2544
50b3,2544
50da,2544
510a,2544
5012,2542
5039,2542
50a7,2542
50b2,2542
50bf,2542
50d9,2542
50e2,2542
50d8,2541
5010,2540
5023,2540
5029,2540
5066,2540
5078,2540
507f,2540
50fc,2540
5101,2540
5128,2540
50dc,2539
5009,2538
50c6,2538
50bb,2537
5109,2537
4ff7,2536
5008,2536
5019,2536
502f,2536
5034,2536
5040,2536
505d,2536
5067,2536
506d,2536
507b,2536
5084,2536
508d,2536
508e,2536
50ab,2536
50d2,2536
50f2,2536
510e,2536
5119,2536
511c,2536
5030,2535
5046,2535
50df,2535
50e6,2535
50f9,2535
510d,2535
500f,2534
5036,2534
509f,2534
50a2,2534
50b5,2534
50bd,2534
50c3,2534
50c9,2534
50f0,2534
50f8,2534
5117,2534
50b4,2533
4ff5,2532
4ff8,2532
4ffa,2532
4ffb,2532
4ffd,2532
4ffe,2532
5000,2532
5001,2532
5004,2532
500a,2532
500b,2532
500c,2532
500d,2532
500e,2532
5011,2532
5014,2532
501c,2532
501e,2532
501f,2532
5021,2532
5022,2532
5024,2532
5025,2532
5026,2532
5027,2532
5028,2532
502b,2532
5031,2532
5033,2532
5035,2532
5038,2532
503b,2532
5043,2532
5045,2532
5048,2532
5049,2532
504b,2532
504c,2532
504e,2532
504f,2532
5052,2532
5056,2532
5057,2532
5058,2532
505a,2532
505c,2532
505f,2532
5062,2532
506a,2532
506c,2532
506f,2532
5070,2532
5072,2532
5073,2532
5075,2532
5076,2532
5079,2532
507d,2532
507e,2532
5081,2532
5083,2532
5086,2532
5089,2532
5093,2532
5096,2532
5099,2532
509c,2532
50a4,2532
50a5,2532
50a8,2532
50aa,2532
50ad,2532
50b0,2532
50b8,2532
50ba,2532
50c0,2532
50cb,2532
50cc,2532
50ce,2532
50cf,2532
50d1,2532
50d4,2532
50d7,2532
50db,2532
50e1,2532
50e4,2532
50e7,2532
50e8,2532
50f3,2532
50f5,2532
50f6,2532
50fb,2532
50fe,2532
50ff,2532
5102,2532
5106,2532
5108,2532
510b,2532
511a,2532
511d,2532
511f,2532
5120,2532
5122,2532
5123,2532
5125,2532
5126,2532
5129,2532
512c,1616
4066,1050
40b1,1050
40fc,1050
4147,1050
4063,1046
4069,1046
40ae,1046
40b4,1046
40f9,1046
40ff,1046
4144,1046
414a,1046
409d,1045
40ca,1045
40e8,1045
4115,1045
4133,1045
4160,1045
417e,1045
40b6,1041
4101,1041
411a,1041
414c,1041
406b,1039
407c,1039
4084,1039
40c7,1039
40cf,1039
4112,1039
4118,1039
415d,1039
4163,1039
4165,1039
4098,1038
40e3,1038
412e,1038
4072,1037
40bd,1037
4108,1037
409b,1036
40e6,1036
4131,1036
4095,1035
40e0,1035
417c,1034
4059,1033
4153,1033
407f,1032
4102,1032
412b,1032
414d,1032
4176,1032
4179,1032
4082,1030
40cd,1029
406c,1024
409e,1024
40b7,1024
40e9,1024
4134,1024
4166,1024
417f,1024
40a4,1023
4075,1019
40c0,1019
410b,1019
4156,1019
4141,1018
4058,1017
4074,1017
407a,1017
4085,1017
408b,1017
40bf,1017
40c5,1017
40d0,1017
40d6,1017
410a,1017
4110,1017
411b,1017
4121,1017
4152,1017
4155,1017
415b,1017
416c,1017
4060,1016
4081,1016
40ab,1016
40f6,1016
4071,1015
4077,1015
407b,1015
40bc,1015
40c2,1015
40c6,1015
40cc,1015
40ef,1015
4107,1015
410d,1015
4111,1015
413a,1015
4158,1015
415c,1015
4185,1015
4068,1014
4092,1014
40b3,1014
40fe,1014
4117,1014
4149,1014
4162,1014
417b,1014
418c,1014
405b,1013
4079,1013
409a,1013
40a6,1013
40c4,1013
40db,1013
40e5,1013
410f,1013
4126,1013
4130,1013
415a,1013
4171,1013
405c,1012
4078,1012
40a7,1012
40c3,1012
410e,1012
4159,1012
408d,1011
40d8,1011
4123,1011
416e,1011
4129,1010
413e,1010
4174,1010
4189,1010
405d,1009
4076,1009
4090,1009
4093,1009
40a8,1009
40c1,1009
40dd,1009
40f3,1009
410c,1009
4128,1009
413f,1009
4157,1009
4173,1009
418a,1009
418d,1009
405f,1008
4062,1008
40aa,1008
40ad,1008
40de,1008
40f1,1008
40f5,1008
40f8,1008
413c,1008
4143,1008
4187,1008
405e,1007
4061,1007
4065,1007
408f,1007
4091,1007
40a5,1007
40a9,1007
40ac,1007
40b0,1007
40da,1007
40f4,1007
40f7,1007
40fb,1007
4125,1007
4142,1007
4146,1007
4170,1007
412d,1006
4178,1006
405a,1005
4097,1005
40a3,1005
40df,1005
40e2,1005
40ee,1005
4139,1005
4184,1005
407d,1003
4140,1003
4064,1002
4067,1002
407e,1002
408a,1002
40af,1002
40b2,1002
40c8,1002
40cb,1002
40d5,1002
40fa,1002
40fd,1002
4113,1002
4120,1002
4145,1002
4148,1002
415e,1002
416b,1002
40c9,1001
4114,1001
415f,1001
408e,1000
40d9,1000
40f0,1000
4116,1000
4124,1000
413b,1000
4161,1000
416f,1000
4186,1000
418b,1000
417a,999
40f2,998
4080,996
4096,996
40dc,996
40e1,996
4127,996
412c,996
4151,996
4172,996
4057,995
413d,995
4154,995
4188,995
4073,994
40be,994
4109,994
412a,994
4175,994
4099,993
40e4,993
412f,993
4177,993
4094,991
408c,990
40a2,990
40d7,990
40ed,990
4122,990
4138,990
416d,990
4183,990
409f,989
40ea,989
4135,989
4180,989
409c,987
40e7,987
4103,987
4132,987
414e,987
417d,987
40b5,985
4100,985
414b,985
4167,980
4164,979
4089,978
40d4,978
4119,978
411f,978
416a,978
4106,977
4070,976
4083,976
40bb,976
40ce,976
406d,975
4086,975
40d1,975
411c,975
406a,974
40b8,967
40a0,965
40eb,965
4136,965
4181,965
4104,963
414f,963
4168,962
4056,960
4087,960
40d2,960
411d,960
406e,959
40b9,959
4088,958
40d3,958
411e,958
4169,958
4150,957
40a1,956
40ec,956
4137,956
4182,956
406f,953
40ba,953
4105,953
51c9,899
5131,894
517c,893
5158,892
5173,892
51a3,892
51be,892
5200,892
5209,892
5217,892
524b,892
5254,892
514c,891
5197,891
51d9,891
51e2,891
51f0,891
5224,891
522d,891
5153,890
5171,890
519e,890
51b7,890
51bc,890
51e9,890
5207,890
5234,890
5133,889
516c,889
517a,889
517e,889
518c,889
51c5,889
51d7,889
5210,889
5222,889
523e,889
525b,889
5136,888
513a,888
5145,888
514a,888
5155,888
515d,888
5160,888
5163,888
5181,888
5185,888
5190,888
5195,888
51a8,888
51ab,888
51ae,888
51cc,888
51d0,888
51e0,888
51f3,888
51f6,888
51f9,888
521b,888
522b,888
5241,888
5244,888
524f,888
5252,888
5138,887
513c,887
513f,887
5141,887
515a,887
515c,887
5161,887
516e,887
5183,887
5187,887
518a,887
51a5,887
51a7,887
51ac,887
51b2,887
51b9,887
51ce,887
51d2,887
51d5,887
51f2,887
51f7,887
51fd,887
5219,887
521d,887
5220,887
5242,887
5248,887
512e,886
512f,886
5135,886
5139,886
515f,886
5166,886
5175,886
5180,886
5184,886
51aa,886
51b1,886
51b3,886
51b5,886
51c0,886
51c7,886
51cb,886
51cf,886
51f5,886
51fc,886
51fe,886
5204,886
520b,886
5212,886
521a,886
5228,886
5229,886
523b,886
5240,886
5247,886
5249,886
5256,886
525d,886
5147,885
5148,885
514e,885
516f,885
518b,885
518e,885
5192,885
5193,885
5199,885
51ba,885
51d6,885
51da,885
51de,885
51e4,885
5205,885
5221,885
5225,885
522f,885
5262,885
5143,884
5156,884
516a,884
51a0,884
51dd,884
51eb,884
5214,884
5236,884
523d,884
5250,884
525f,884
5264,884
5168,883
51ed,883
5201,883
5238,883
524c,883
5140,882
5144,882
5167,882
5178,882
518f,882
51b6,882
51c3,882
51c8,882
51db,882
51ee,882
520e,882
5213,882
5226,882
5239,882
5259,882
525e,882
513d,881
513e,881
514f,881
5151,881
5188,881
5189,881
519a,881
519c,881
51d3,881
51d4,881
51e5,881
51e7,881
5202,881
5215,881
521e,881
521f,881
5230,881
5232,881
524d,881
5260,881
5164,880
5165,880
516b,880
51a1,880
51af,880
51b0,880
51ec,880
51fa,880
51fb,880
522a,880
5237,880
5245,880
5246,880
5152,879
5159,879
5176,879
519d,879
51a4,879
51c1,879
51e8,879
520c,879
5233,879
5251,879
5257,879
512d,878
5179,878
517b,878
51c4,878
51dc,878
520f,878
5227,878
525a,878
5132,877
515e,877
517d,877
518d,877
51a9,877
51d8,877
51f4,877
5203,877
5223,877
523f,877
5130,876
5142,876
5154,876
5169,876
51a2,876
51b4,876
51ff,876
523c,876
524a,876
5263,876
5134,875
5157,875
515b,875
5177,875
517f,875
51a6,875
51c2,875
51ca,875
51ef,875
51f1,875
520d,875
5216,875
523a,875
5258,875
5261,875
5137,874
5149,874
514b,874
514d,874
5150,874
5170,874
5174,874
5182,874
5194,874
5196,874
5198,874
519b,874
51bb,874
51bf,874
51cd,874
51df,874
51e1,874
51e3,874
51e6,874
5206,874
520a,874
522c,874
522e,874
5231,874
524e,874
5255,874
513b,873
5162,873
5186,873
519f,873
51ad,873
51c6,873
51d1,873
51ea,873
51f8,873
5211,873
5218,873
521c,873
5235,873
5243,873
525c,873
5172,872
51bd,872
5208,872
5253,872
5146,871
516d,871
5191,871
51b8,871
4027,710
418e,485
4225,436
5265,436
4054,396
4227,259
4fed,237
4226,233
400,205
4c40,198
ffefff,181
601,114
4c41,114
4c28,105
4a28,104
4c2a,96
401e,91
4c49,80
4c2b,77
4000,68
4c35,52
401f,51
4c2d,51
4fef,45
4c2c,39
4228,36
4c34,35
4c3a,34
4c38,31
4c2f,30
4c32,23
ffeffe,21
4c3d,21
4c39,21
4c3c,21
4c36,21
4c31,18
4c3f,17
4c3b,16
4c3e,15
4c30,14
4c37,12
4c2e,11
4c33,10
4fea,8
4c29,6
4055,4
4fec,4
4c48,4
4db6,4
4db0,3
4026,2
4022,2
404e,2
4daf,2
422a,2
4da1,2
4dac,2
4db8,2
4028,1
4020,1
402d,1
4033,1
4045,1
4035,1
404c,1
4037,1
4050,1
4036,1
404d,1
4c42,1
4feb,1
4c43,1
4c44,1
4c45,1
4c46,1
4c47,1
4db2,1
4db7,1
4229,1
4dbe,1
4da0,1
