# Total pages:	 1098
# Instruction pages:	 79
400,360056
4c64,20004
4009,557
400a,323
401b,254
401c,188
400c,178
4011,112
4000,40
400f,40
401d,38
4019,33
4008,33
4017,22
4cae,22
4010,21
400b,20
400d,18
4003,17
4006,17
4cab,17
4ca3,17
4c77,17
4005,15
4d6d,13
4007,12
4c4a,12
4c97,12
4cac,12
4ca5,11
4ca4,11
4012,10
4002,9
400e,8
4cb9,8
4001,7
4013,7
401e,7
4004,7
4018,7
4cc0,7
4ca2,7
4c49,6
4ca9,6
4caa,6
4d2b,6
4c7a,6
4ce6,5
4c78,5
4ca6,5
4c7c,5
4c7b,5
4a28,4
4caf,4
4c7f,4
4c72,4
401a,3
4d21,3
4c74,3
4c79,3
4cb5,2
4cb7,2
4d31,2
4c58,2
4c5f,2
4cb1,2
4d26,2
4d20,2
4ca7,2
4c73,2
4c63,2
4cbb,1
4cd4,1
4014,1
4ca8,1
4cb8,1
4c65,1
4cbe,1
4d3f,1
# Data pages:	 1024
fff000,360915
602,360063
4fee,20051
4ff3,20036
4ff0,20033
4ff4,3236
4ff5,3232
4ff6,3232
4ff7,3232
4ff8,3232
4ff9,3232
4ffa,3232
4ffb,3232
4ffc,3232
4ffd,3232
4ffe,3232
4fff,3232
5000,3232
5001,3232
5002,3232
5003,3232
5004,3232
5005,3232
5006,3232
5007,3232
5008,3232
5009,3232
500a,3232
500b,3232
500c,3232
500d,3232
500e,3232
500f,3232
5010,3232
5011,3232
5012,3232
5013,3232
5014,3232
5015,3232
5016,3232
5017,3232
5018,3232
5019,3232
501a,3232
501b,3232
501c,3232
501d,3232
501e,3232
501f,3232
5020,3232
5021,3232
5022,3232
5023,3232
5024,3232
5025,3232
5026,3232
5027,3232
5028,3232
5029,3232
502a,3232
502b,3232
502c,3232
502d,3232
502e,3232
502f,3232
5030,3232
5031,3232
5032,3232
5033,3232
5034,3232
5035,3232
5036,3232
5037,3232
5038,3232
5039,3232
503a,3232
503b,3232
503c,3232
503d,3232
503e,3232
503f,3232
5040,3232
5041,3232
5042,3232
5043,3232
5044,3232
5045,3232
5046,3232
5047,3232
5048,3232
5049,3232
504a,3232
504b,3232
504c,3232
504d,3232
504e,3232
504f,3232
5050,3232
5051,3232
5052,3232
5053,3232
5054,3232
5055,3232
5056,3232
5057,3232
5058,3232
5059,3232
505a,3232
505b,3232
505c,3232
505d,3232
505e,3232
505f,3232
5060,3232
5061,3232
5062,3232
5063,3232
5064,3232
5065,3232
5066,3232
5067,3232
5068,3232
5069,3232
506a,3232
506b,3232
506c,3232
506d,3232
506e,3232
506f,3232
5070,3232
5071,3232
5072,3232
5073,3232
5074,3232
5075,3232
5076,3232
5077,3232
5078,3232
5079,3232
507a,3232
507b,3232
507c,3232
507d,3232
507e,3232
507f,3232
5080,3232
5081,3232
5082,3232
5083,3232
5084,3232
5085,3232
5086,3232
5087,3232
5088,3232
5089,3232
508a,3232
508b,3232
508c,3232
508d,3232
508e,3232
508f,3232
5090,3232
5091,3232
5092,3232
5093,3232
5094,3232
5095,3232
5096,3232
5097,3232
5098,3232
5099,3232
509a,3232
509b,3232
509c,3232
509d,3232
509e,3232
509f,3232
50a0,3232
50a1,3232
50a2,3232
50a3,3232
50a4,3232
50a5,3232
50a6,3232
50a7,3232
50a8,3232
50a9,3232
50aa,3232
50ab,3232
50ac,3232
50ad,3232
50ae,3232
50af,3232
50b0,3232
50b1,3232
50b2,3232
50b3,3232
50b4,3232
50b5,3232
50b6,3232
50b7,3232
50b8,3232
50b9,3232
50ba,3232
50bb,3232
50bc,3232
50bd,3232
50be,3232
50bf,3232
50c0,3232
50c1,3232
50c2,3232
50c3,3232
50c4,3232
50c5,3232
50c6,3232
50c7,3232
50c8,3232
50c9,3232
50ca,3232
50cb,3232
50cc,3232
50cd,3232
50ce,3232
50cf,3232
50d0,3232
50d1,3232
50d2,3232
50d3,3232
50d4,3232
50d5,3232
50d6,3232
50d7,3232
50d8,3232
50d9,3232
50da,3232
50db,3232
50dc,3232
50dd,3232
50de,3232
50df,3232
50e0,3232
50e1,3232
50e2,3232
50e3,3232
50e4,3232
50e5,3232
50e6,3232
50e7,3232
50e8,3232
50e9,3232
50ea,3232
50eb,3232
50ec,3232
50ed,3232
50ee,3232
50ef,3232
50f0,3232
50f1,3232
50f2,3232
50f3,3232
50f4,3232
50f5,3232
50f6,3232
50f7,3232
50f8,3232
50f9,3232
50fa,3232
50fb,3232
50fc,3232
50fd,3232
50fe,3232
50ff,3232
5100,3232
5101,3232
5102,3232
5103,3232
5104,3232
5105,3232
5106,3232
5107,3232
5108,3232
5109,3232
510a,3232
510b,3232
510c,3232
510d,3232
510e,3232
510f,3232
5110,3232
5111,3232
5112,3232
5113,3232
5114,3232
5115,3232
5116,3232
5117,3232
5118,3232
5119,3232
511a,3232
511b,3232
511c,3232
511d,3232
511e,3232
511f,3232
5120,3232
5121,3232
5122,3232
5123,3232
5124,3232
5125,3232
5126,3232
5127,3232
5128,3232
5129,3232
512a,3232
512b,3232
512c,1616
405c,1232
405e,1232
405f,1232
4065,1232
4067,1232
4068,1232
406e,1232
4075,1232
4077,1232
4078,1232
407e,1232
4080,1232
4081,1232
4087,1232
408e,1232
4090,1232
4091,1232
4097,1232
4099,1232
409a,1232
40a0,1232
40a7,1232
40a9,1232
40aa,1232
40b0,1232
40b2,1232
40b3,1232
40b9,1232
40c0,1232
40c2,1232
40c3,1232
40c9,1232
40cb,1232
40cc,1232
40d2,1232
40d9,1232
40db,1232
40dc,1232
40e2,1232
40e4,1232
40e5,1232
40eb,1232
40f2,1232
40f4,1232
40f5,1232
40fb,1232
40fd,1232
40fe,1232
4104,1232
410b,1232
410d,1232
410e,1232
4114,1232
4116,1232
4117,1232
411d,1232
4124,1232
4126,1232
4127,1232
412d,1232
412f,1232
4130,1232
4136,1232
413d,1232
413f,1232
4140,1232
4146,1232
4148,1232
4149,1232
414f,1232
4156,1232
4158,1232
4159,1232
415f,1232
4161,1232
4162,1232
4168,1232
416f,1232
4171,1232
4172,1232
4178,1232
417a,1232
417b,1232
4181,1232
4188,1232
418a,1232
418b,1232
4058,1229
4059,1229
4061,1229
4062,1229
406a,1229
406b,1229
4071,1229
4072,1229
407a,1229
407b,1229
4083,1229
4084,1229
408a,1229
408b,1229
4093,1229
4094,1229
409c,1229
409d,1229
40a3,1229
40a4,1229
40ac,1229
40ad,1229
40b5,1229
40b6,1229
40bc,1229
40bd,1229
40c5,1229
40c6,1229
40ce,1229
40cf,1229
40d5,1229
40d6,1229
40de,1229
40df,1229
40e7,1229
40e8,1229
40ee,1229
40ef,1229
40f7,1229
40f8,1229
4100,1229
4101,1229
4107,1229
4108,1229
4110,1229
4111,1229
4119,1229
411a,1229
4120,1229
4121,1229
4129,1229
412a,1229
4132,1229
4133,1229
4139,1229
413a,1229
4142,1229
4143,1229
414b,1229
414c,1229
4152,1229
4153,1229
415b,1229
415c,1229
4164,1229
4165,1229
416b,1229
416c,1229
4174,1229
4175,1229
417d,1229
417e,1229
4184,1229
4185,1229
418d,1229
4056,1135
4057,1133
405a,1133
405b,1133
405d,1133
4060,1133
4063,1133
4064,1133
4066,1133
4069,1133
406c,1133
406d,1133
4070,1133
4073,1133
4074,1133
4076,1133
4079,1133
407c,1133
407d,1133
407f,1133
4082,1133
4085,1133
4086,1133
4089,1133
408c,1133
408d,1133
408f,1133
4092,1133
4095,1133
4096,1133
4098,1133
409b,1133
409e,1133
409f,1133
40a2,1133
40a5,1133
40a6,1133
40a8,1133
40ab,1133
40ae,1133
40af,1133
40b1,1133
40b4,1133
40b7,1133
40b8,1133
40bb,1133
40be,1133
40bf,1133
40c1,1133
40c4,1133
40c7,1133
40c8,1133
40ca,1133
40cd,1133
40d0,1133
40d1,1133
40d4,1133
40d7,1133
40d8,1133
40da,1133
40dd,1133
40e0,1133
40e1,1133
40e3,1133
40e6,1133
40e9,1133
40ea,1133
40ed,1133
40f0,1133
40f1,1133
40f3,1133
40f6,1133
40f9,1133
40fa,1133
40fc,1133
40ff,1133
4102,1133
4103,1133
4106,1133
4109,1133
410a,1133
410c,1133
410f,1133
4112,1133
4113,1133
4115,1133
4118,1133
411b,1133
411c,1133
411f,1133
4122,1133
4123,1133
4125,1133
4128,1133
412b,1133
412c,1133
412e,1133
4131,1133
4134,1133
4135,1133
4138,1133
413b,1133
413c,1133
413e,1133
4141,1133
4144,1133
4145,1133
4147,1133
414a,1133
414d,1133
414e,1133
4151,1133
4154,1133
4155,1133
4157,1133
415a,1133
415d,1133
415e,1133
4160,1133
4163,1133
4166,1133
4167,1133
416a,1133
416d,1133
416e,1133
4170,1133
4173,1133
4176,1133
4177,1133
4179,1133
417c,1133
417f,1133
4180,1133
4183,1133
4186,1133
4187,1133
4189,1133
418c,1133
406f,1132
4088,1132
40a1,1132
40ba,1132
40d3,1132
40ec,1132
4105,1132
411e,1132
4137,1132
4150,1132
4169,1132
4182,1132
512d,1092
5146,1090
515f,1090
5178,1090
5191,1090
51aa,1090
51c3,1090
51dc,1090
51f5,1090
520e,1090
5227,1090
5240,1090
5259,1090
512e,1089
512f,1089
5130,1089
5131,1089
5132,1089
5133,1089
5136,1089
5137,1089
5138,1089
5139,1089
513a,1089
513b,1089
513c,1089
513f,1089
5140,1089
5141,1089
5142,1089
5143,1089
5144,1089
5145,1089
5147,1089
5148,1089
5149,1089
514a,1089
514b,1089
514c,1089
514f,1089
5150,1089
5151,1089
5152,1089
5153,1089
5154,1089
5155,1089
5158,1089
5159,1089
515a,1089
515b,1089
515c,1089
515d,1089
515e,1089
5160,1089
5161,1089
5162,1089
5163,1089
5164,1089
5165,1089
5168,1089
5169,1089
516a,1089
516b,1089
516c,1089
516d,1089
516e,1089
5171,1089
5172,1089
5173,1089
5174,1089
5175,1089
5176,1089
5177,1089
5179,1089
517a,1089
517b,1089
517c,1089
517d,1089
517e,1089
5181,1089
5182,1089
5183,1089
5184,1089
5185,1089
5186,1089
5187,1089
518a,1089
518b,1089
518c,1089
518d,1089
518e,1089
518f,1089
5190,1089
5192,1089
5193,1089
5194,1089
5195,1089
5196,1089
5197,1089
519a,1089
519b,1089
519c,1089
519d,1089
519e,1089
519f,1089
51a0,1089
51a3,1089
51a4,1089
51a5,1089
51a6,1089
51a7,1089
51a8,1089
51a9,1089
51ab,1089
51ac,1089
51ad,1089
51ae,1089
51af,1089
51b0,1089
51b3,1089
51b4,1089
51b5,1089
51b6,1089
51b7,1089
51b8,1089
51b9,1089
51bc,1089
51bd,1089
51be,1089
51bf,1089
51c0,1089
51c1,1089
51c2,1089
51c4,1089
51c5,1089
51c6,1089
51c7,1089
51c8,1089
51c9,1089
51cc,1089
51cd,1089
51ce,1089
51cf,1089
51d0,1089
51d1,1089
51d2,1089
51d5,1089
51d6,1089
51d7,1089
51d8,1089
51d9,1089
51da,1089
51db,1089
51dd,1089
51de,1089
51df,1089
51e0,1089
51e1,1089
51e2,1089
51e5,1089
51e6,1089
51e7,1089
51e8,1089
51e9,1089
51ea,1089
51eb,1089
51ee,1089
51ef,1089
51f0,1089
51f1,1089
51f2,1089
51f3,1089
51f4,1089
51f6,1089
51f7,1089
51f8,1089
51f9,1089
51fa,1089
51fb,1089
51fe,1089
51ff,1089
5200,1089
5201,1089
5202,1089
5203,1089
5204,1089
5207,1089
5208,1089
5209,1089
520a,1089
520b,1089
520c,1089
520d,1089
520f,1089
5210,1089
5211,1089
5212,1089
5213,1089
5214,1089
5217,1089
5218,1089
5219,1089
521a,1089
521b,1089
521c,1089
521d,1089
5220,1089
5221,1089
5222,1089
5223,1089
5224,1089
5225,1089
5226,1089
5228,1089
5229,1089
522a,1089
522b,1089
522c,1089
522d,1089
5230,1089
5231,1089
5232,1089
5233,1089
5234,1089
5235,1089
5236,1089
5239,1089
523a,1089
523b,1089
523c,1089
523d,1089
523e,1089
523f,1089
5241,1089
5242,1089
5243,1089
5244,1089
5245,1089
5246,1089
5249,1089
524a,1089
524b,1089
524c,1089
524d,1089
524e,1089
524f,1089
5252,1089
5253,1089
5254,1089
5255,1089
5256,1089
5257,1089
5258,1089
525a,1089
525b,1089
525c,1089
525d,1089
525e,1089
525f,1089
5262,1089
5263,1089
5264,1089
5134,1088
5135,1088
513d,1088
513e,1088
514d,1088
514e,1088
5156,1088
5157,1088
5166,1088
5167,1088
516f,1088
5170,1088
517f,1088
5180,1088
5188,1088
5189,1088
5198,1088
5199,1088
51a1,1088
51a2,1088
51b1,1088
51b2,1088
51ba,1088
51bb,1088
51ca,1088
51cb,1088
51d3,1088
51d4,1088
51e3,1088
51e4,1088
51ec,1088
51ed,1088
51fc,1088
51fd,1088
5205,1088
5206,1088
5215,1088
5216,1088
521e,1088
521f,1088
522e,1088
522f,1088
5237,1088
5238,1088
5247,1088
5248,1088
5250,1088
5251,1088
5260,1088
5261,1088
4027,742
418e,616
5265,545
4225,429
4054,365
4227,260
4fed,234
4226,233
400,210
4c40,192
ffefff,178
601,112
4c41,112
4c28,104
4a28,103
4c2a,94
401e,91
4c49,80
4c2b,76
401f,69
4000,68
4c35,52
4c2d,51
4fef,44
4c2c,38
4c34,35
4228,35
4c3a,34
4c38,31
4c2f,30
4c3d,22
ffeffe,21
4c39,21
4c36,21
4c3c,20
4c32,20
4c3b,16
4c31,16
4c3f,16
4c3e,15
4c30,14
4c37,12
4c2e,10
4c33,10
4fea,8
4c29,6
4055,4
4c48,4
4db6,4
4fec,3
4db0,3
4026,2
4022,2
404e,2
4daf,2
422a,2
4dac,2
4db8,2
4028,1
4020,1
402d,1
4033,1
4045,1
4035,1
404c,1
4037,1
4050,1
4036,1
404d,1
4c42,1
4feb,1
4c43,1
4c44,1
4c45,1
4c46,1
4c47,1
4db2,1
4db7,1
4da1,1
4229,1
4dbe,1
4da0,1
