# Total pages:	 2645
# Instruction pages:	 71
4009,510
400,427
400a,297
401b,217
400c,176
401c,171
4011,94
4000,41
401d,36
4019,33
4008,32
400f,26
4010,21
400b,20
400d,18
4003,17
4006,17
4005,15
4017,14
4ca3,13
4007,12
4c4a,12
4d6d,11
4c97,11
4cae,11
4c77,11
4012,10
4002,9
4cab,9
4ca4,9
4013,8
400e,8
4001,7
401e,7
4004,7
4018,7
4ca5,7
4ca9,6
4caa,6
4cb9,5
4c64,5
4c49,5
4caf,5
4cac,5
4a28,4
4cc0,4
4c78,4
401a,3
4c74,3
4ca2,3
4c63,3
4ce6,2
4cb7,2
4d31,2
4c58,2
4c5f,2
4cb1,2
4d26,2
4d21,2
4c7f,2
4ca6,2
4ca7,2
4d2b,2
4cb5,1
4cbb,1
4cd4,1
4014,1
4ca8,1
4cb8,1
4d20,1
4d3f,1
# Data pages:	 2579
fff000,1221
4027,688
4225,404
4054,347
4227,239
4226,230
4fed,211
4c40,183
400,165
ffefff,156
4c41,110
600,104
4c28,100
4a28,99
401e,90
4c2a,90
4c49,79
4c2b,74
4000,68
401f,52
4c2d,50
4c35,49
4fee,38
4c2c,36
4c34,35
4c38,31
4c3a,31
4c2f,30
4228,30
4fef,25
4ff3,25
4ff0,22
ffeffe,21
4c3d,21
4c39,21
4c3c,21
4c36,21
4c32,20
4c3f,15
4c3e,15
601,15
4c30,14
4c3b,12
4c2e,11
4c31,10
4c33,10
4c37,9
4fea,7
4c29,6
4055,4
4c48,4
4db6,3
4ff4,3
4026,2
4022,2
404e,2
4fec,2
4db0,2
4daf,2
422a,2
4028,1
4020,1
402d,1
4033,1
4045,1
4035,1
404c,1
4037,1
4050,1
4036,1
404d,1
4c42,1
4feb,1
4c43,1
4c44,1
4c45,1
4c46,1
4c47,1
4db2,1
4db7,1
4ff5,1
4ff6,1
4ff7,1
4ff8,1
4ff9,1
4ffa,1
4ffb,1
4ffc,1
4ffd,1
4ffe,1
4fff,1
5000,1
5001,1
5002,1
5003,1
5004,1
5005,1
5006,1
5007,1
5008,1
5009,1
500a,1
500b,1
500c,1
500d,1
500e,1
500f,1
5010,1
5011,1
5012,1
5013,1
5014,1
5015,1
5016,1
5017,1
5018,1
5019,1
501a,1
501b,1
501c,1
501d,1
501e,1
501f,1
5020,1
5021,1
5022,1
5023,1
5024,1
5025,1
5026,1
5027,1
5028,1
5029,1
502a,1
502b,1
502c,1
502d,1
502e,1
502f,1
5030,1
5031,1
5032,1
5033,1
5034,1
5035,1
5036,1
5037,1
5038,1
5039,1
503a,1
503b,1
503c,1
503d,1
503e,1
503f,1
5040,1
5041,1
5042,1
5043,1
5044,1
5045,1
5046,1
5047,1
5048,1
5049,1
504a,1
504b,1
504c,1
504d,1
504e,1
504f,1
5050,1
5051,1
5052,1
5053,1
5054,1
5055,1
5056,1
5057,1
5058,1
5059,1
505a,1
505b,1
505c,1
505d,1
505e,1
505f,1
5060,1
5061,1
5062,1
5063,1
5064,1
5065,1
5066,1
5067,1
5068,1
5069,1
506a,1
506b,1
506c,1
506d,1
506e,1
506f,1
5070,1
5071,1
5072,1
5073,1
5074,1
5075,1
5076,1
5077,1
5078,1
5079,1
507a,1
507b,1
507c,1
507d,1
507e,1
507f,1
5080,1
5081,1
5082,1
5083,1
5084,1
5085,1
5086,1
5087,1
5088,1
5089,1
508a,1
508b,1
508c,1
508d,1
508e,1
508f,1
5090,1
5091,1
5092,1
5093,1
5094,1
5095,1
5096,1
5097,1
5098,1
5099,1
509a,1
509b,1
509c,1
509d,1
509e,1
509f,1
50a0,1
50a1,1
50a2,1
50a3,1
50a4,1
50a5,1
50a6,1
50a7,1
50a8,1
50a9,1
50aa,1
50ab,1
50ac,1
50ad,1
50ae,1
50af,1
50b0,1
50b1,1
50b2,1
50b3,1
50b4,1
50b5,1
50b6,1
50b7,1
50b8,1
50b9,1
50ba,1
50bb,1
50bc,1
50bd,1
50be,1
50bf,1
50c0,1
50c1,1
50c2,1
50c3,1
50c4,1
50c5,1
50c6,1
50c7,1
50c8,1
50c9,1
50ca,1
50cb,1
50cc,1
50cd,1
50ce,1
50cf,1
50d0,1
50d1,1
50d2,1
50d3,1
50d4,1
50d5,1
50d6,1
50d7,1
50d8,1
50d9,1
50da,1
50db,1
50dc,1
50dd,1
50de,1
50df,1
50e0,1
50e1,1
50e2,1
50e3,1
50e4,1
50e5,1
50e6,1
50e7,1
50e8,1
50e9,1
50ea,1
50eb,1
50ec,1
50ed,1
50ee,1
50ef,1
50f0,1
50f1,1
50f2,1
50f3,1
50f4,1
50f5,1
50f6,1
50f7,1
50f8,1
50f9,1
50fa,1
50fb,1
50fc,1
50fd,1
50fe,1
50ff,1
5100,1
5101,1
5102,1
5103,1
5104,1
5105,1
5106,1
5107,1
5108,1
5109,1
510a,1
510b,1
510c,1
510d,1
510e,1
510f,1
5110,1
5111,1
5112,1
5113,1
5114,1
5115,1
5116,1
5117,1
5118,1
5119,1
511a,1
511b,1
511c,1
511d,1
511e,1
511f,1
5120,1
5121,1
5122,1
5123,1
5124,1
5125,1
5126,1
5127,1
5128,1
5129,1
512a,1
512b,1
512c,1
512d,1
512e,1
512f,1
5130,1
5131,1
5132,1
5133,1
5134,1
5135,1
5136,1
5137,1
5138,1
5139,1
513a,1
513b,1
513c,1
513d,1
513e,1
513f,1
5140,1
5141,1
5142,1
5143,1
5144,1
5145,1
5146,1
5147,1
5148,1
5149,1
514a,1
514b,1
514c,1
514d,1
514e,1
514f,1
5150,1
5151,1
5152,1
5153,1
5154,1
5155,1
5156,1
5157,1
5158,1
5159,1
515a,1
515b,1
515c,1
515d,1
515e,1
515f,1
5160,1
5161,1
5162,1
5163,1
5164,1
5165,1
5166,1
5167,1
5168,1
5169,1
516a,1
516b,1
516c,1
516d,1
516e,1
516f,1
5170,1
5171,1
5172,1
5173,1
5174,1
5175,1
5176,1
5177,1
5178,1
5179,1
517a,1
517b,1
517c,1
517d,1
517e,1
517f,1
5180,1
5181,1
5182,1
5183,1
5184,1
5185,1
5186,1
5187,1
5188,1
5189,1
518a,1
518b,1
518c,1
518d,1
518e,1
518f,1
5190,1
5191,1
5192,1
5193,1
5194,1
5195,1
5196,1
5197,1
5198,1
5199,1
519a,1
519b,1
519c,1
519d,1
519e,1
519f,1
51a0,1
51a1,1
51a2,1
51a3,1
51a4,1
51a5,1
51a6,1
51a7,1
51a8,1
51a9,1
51aa,1
51ab,1
51ac,1
51ad,1
51ae,1
51af,1
51b0,1
51b1,1
51b2,1
51b3,1
51b4,1
51b5,1
51b6,1
51b7,1
51b8,1
51b9,1
51ba,1
51bb,1
51bc,1
51bd,1
51be,1
51bf,1
51c0,1
51c1,1
51c2,1
51c3,1
51c4,1
51c5,1
51c6,1
51c7,1
51c8,1
51c9,1
51ca,1
51cb,1
51cc,1
51cd,1
51ce,1
51cf,1
51d0,1
51d1,1
51d2,1
51d3,1
51d4,1
51d5,1
51d6,1
51d7,1
51d8,1
51d9,1
51da,1
51db,1
51dc,1
51dd,1
51de,1
51df,1
51e0,1
51e1,1
51e2,1
51e3,1
51e4,1
51e5,1
51e6,1
51e7,1
51e8,1
51e9,1
51ea,1
51eb,1
51ec,1
51ed,1
51ee,1
51ef,1
51f0,1
51f1,1
51f2,1
51f3,1
51f4,1
51f5,1
51f6,1
51f7,1
51f8,1
51f9,1
51fa,1
51fb,1
51fc,1
51fd,1
51fe,1
51ff,1
5200,1
5201,1
5202,1
5203,1
5204,1
5205,1
5206,1
5207,1
5208,1
5209,1
520a,1
520b,1
520c,1
520d,1
520e,1
520f,1
5210,1
5211,1
5212,1
5213,1
5214,1
5215,1
5216,1
5217,1
5218,1
5219,1
521a,1
521b,1
521c,1
521d,1
521e,1
521f,1
5220,1
5221,1
5222,1
5223,1
5224,1
5225,1
5226,1
5227,1
5228,1
5229,1
522a,1
522b,1
522c,1
522d,1
522e,1
522f,1
5230,1
5231,1
5232,1
5233,1
5234,1
5235,1
5236,1
5237,1
5238,1
5239,1
523a,1
523b,1
523c,1
523d,1
523e,1
523f,1
5240,1
5241,1
5242,1
5243,1
5244,1
5245,1
5246,1
5247,1
5248,1
5249,1
524a,1
524b,1
524c,1
524d,1
524e,1
524f,1
5250,1
5251,1
5252,1
5253,1
5254,1
5255,1
5256,1
5257,1
5258,1
5259,1
525a,1
525b,1
525c,1
525d,1
525e,1
525f,1
5260,1
5261,1
5262,1
5263,1
5264,1
5265,1
5266,1
5267,1
5268,1
5269,1
526a,1
526b,1
526c,1
526d,1
526e,1
526f,1
5270,1
5271,1
5272,1
5273,1
5274,1
5275,1
5276,1
5277,1
5278,1
5279,1
527a,1
527b,1
527c,1
527d,1
527e,1
527f,1
5280,1
5281,1
5282,1
5283,1
5284,1
5285,1
5286,1
5287,1
5288,1
5289,1
528a,1
528b,1
528c,1
528d,1
528e,1
528f,1
5290,1
5291,1
5292,1
5293,1
5294,1
5295,1
5296,1
5297,1
5298,1
5299,1
529a,1
529b,1
529c,1
529d,1
529e,1
529f,1
52a0,1
52a1,1
52a2,1
52a3,1
52a4,1
52a5,1
52a6,1
52a7,1
52a8,1
52a9,1
52aa,1
52ab,1
52ac,1
52ad,1
52ae,1
52af,1
52b0,1
52b1,1
52b2,1
52b3,1
52b4,1
52b5,1
52b6,1
52b7,1
52b8,1
52b9,1
52ba,1
52bb,1
52bc,1
52bd,1
52be,1
52bf,1
52c0,1
52c1,1
52c2,1
52c3,1
52c4,1
52c5,1
52c6,1
52c7,1
52c8,1
52c9,1
52ca,1
52cb,1
52cc,1
52cd,1
52ce,1
52cf,1
52d0,1
52d1,1
52d2,1
52d3,1
52d4,1
52d5,1
52d6,1
52d7,1
52d8,1
52d9,1
52da,1
52db,1
52dc,1
52dd,1
52de,1
52df,1
52e0,1
52e1,1
52e2,1
52e3,1
52e4,1
52e5,1
52e6,1
52e7,1
52e8,1
52e9,1
52ea,1
52eb,1
52ec,1
52ed,1
52ee,1
52ef,1
52f0,1
52f1,1
52f2,1
52f3,1
52f4,1
52f5,1
52f6,1
52f7,1
52f8,1
52f9,1
52fa,1
52fb,1
52fc,1
52fd,1
52fe,1
52ff,1
5300,1
5301,1
5302,1
5303,1
5304,1
5305,1
5306,1
5307,1
5308,1
5309,1
530a,1
530b,1
530c,1
530d,1
530e,1
530f,1
5310,1
5311,1
5312,1
5313,1
5314,1
5315,1
5316,1
5317,1
5318,1
5319,1
531a,1
531b,1
531c,1
531d,1
531e,1
531f,1
5320,1
5321,1
5322,1
5323,1
5324,1
5325,1
5326,1
5327,1
5328,1
5329,1
532a,1
532b,1
532c,1
532d,1
532e,1
532f,1
5330,1
5331,1
5332,1
5333,1
5334,1
5335,1
5336,1
5337,1
5338,1
5339,1
533a,1
533b,1
533c,1
533d,1
533e,1
533f,1
5340,1
5341,1
5342,1
5343,1
5344,1
5345,1
5346,1
5347,1
5348,1
5349,1
534a,1
534b,1
534c,1
534d,1
534e,1
534f,1
5350,1
5351,1
5352,1
5353,1
5354,1
5355,1
5356,1
5357,1
5358,1
5359,1
535a,1
535b,1
535c,1
535d,1
535e,1
535f,1
5360,1
5361,1
5362,1
5363,1
5364,1
5365,1
5366,1
5367,1
5368,1
5369,1
536a,1
536b,1
536c,1
536d,1
536e,1
536f,1
5370,1
5371,1
5372,1
5373,1
5374,1
5375,1
5376,1
5377,1
5378,1
5379,1
537a,1
537b,1
537c,1
537d,1
537e,1
537f,1
5380,1
5381,1
5382,1
5383,1
5384,1
5385,1
5386,1
5387,1
5388,1
5389,1
538a,1
538b,1
538c,1
538d,1
538e,1
538f,1
5390,1
5391,1
5392,1
5393,1
5394,1
5395,1
5396,1
5397,1
5398,1
5399,1
539a,1
539b,1
539c,1
539d,1
539e,1
539f,1
53a0,1
53a1,1
53a2,1
53a3,1
53a4,1
53a5,1
53a6,1
53a7,1
53a8,1
53a9,1
53aa,1
53ab,1
53ac,1
53ad,1
53ae,1
53af,1
53b0,1
53b1,1
53b2,1
53b3,1
53b4,1
53b5,1
53b6,1
53b7,1
53b8,1
53b9,1
53ba,1
53bb,1
53bc,1
53bd,1
53be,1
53bf,1
53c0,1
53c1,1
53c2,1
53c3,1
53c4,1
53c5,1
53c6,1
53c7,1
53c8,1
53c9,1
53ca,1
53cb,1
53cc,1
53cd,1
53ce,1
53cf,1
53d0,1
53d1,1
53d2,1
53d3,1
53d4,1
53d5,1
53d6,1
53d7,1
53d8,1
53d9,1
53da,1
53db,1
53dc,1
53dd,1
53de,1
53df,1
53e0,1
53e1,1
53e2,1
53e3,1
53e4,1
53e5,1
53e6,1
53e7,1
53e8,1
53e9,1
53ea,1
53eb,1
53ec,1
53ed,1
53ee,1
53ef,1
53f0,1
53f1,1
53f2,1
53f3,1
53f4,1
53f5,1
53f6,1
53f7,1
53f8,1
53f9,1
53fa,1
53fb,1
53fc,1
53fd,1
53fe,1
53ff,1
5400,1
5401,1
5402,1
5403,1
5404,1
5405,1
5406,1
5407,1
5408,1
5409,1
540a,1
540b,1
540c,1
540d,1
540e,1
540f,1
5410,1
5411,1
5412,1
5413,1
5414,1
5415,1
5416,1
5417,1
5418,1
5419,1
541a,1
541b,1
541c,1
541d,1
541e,1
541f,1
5420,1
5421,1
5422,1
5423,1
5424,1
5425,1
5426,1
5427,1
5428,1
5429,1
542a,1
542b,1
542c,1
542d,1
542e,1
542f,1
5430,1
5431,1
5432,1
5433,1
5434,1
5435,1
5436,1
5437,1
5438,1
5439,1
543a,1
543b,1
543c,1
543d,1
543e,1
543f,1
5440,1
5441,1
5442,1
5443,1
5444,1
5445,1
5446,1
5447,1
5448,1
5449,1
544a,1
544b,1
544c,1
544d,1
544e,1
544f,1
5450,1
5451,1
5452,1
5453,1
5454,1
5455,1
5456,1
5457,1
5458,1
5459,1
545a,1
545b,1
545c,1
545d,1
545e,1
545f,1
5460,1
5461,1
5462,1
5463,1
5464,1
5465,1
5466,1
5467,1
5468,1
5469,1
546a,1
546b,1
546c,1
546d,1
546e,1
546f,1
5470,1
5471,1
5472,1
5473,1
5474,1
5475,1
5476,1
5477,1
5478,1
5479,1
547a,1
547b,1
547c,1
547d,1
547e,1
547f,1
5480,1
5481,1
5482,1
5483,1
5484,1
5485,1
5486,1
5487,1
5488,1
5489,1
548a,1
548b,1
548c,1
548d,1
548e,1
548f,1
5490,1
5491,1
5492,1
5493,1
5494,1
5495,1
5496,1
5497,1
5498,1
5499,1
549a,1
549b,1
549c,1
549d,1
549e,1
549f,1
54a0,1
54a1,1
54a2,1
54a3,1
54a4,1
54a5,1
54a6,1
54a7,1
54a8,1
54a9,1
54aa,1
54ab,1
54ac,1
54ad,1
54ae,1
54af,1
54b0,1
54b1,1
54b2,1
54b3,1
54b4,1
54b5,1
54b6,1
54b7,1
54b8,1
54b9,1
54ba,1
54bb,1
54bc,1
54bd,1
54be,1
54bf,1
54c0,1
54c1,1
54c2,1
54c3,1
54c4,1
54c5,1
54c6,1
54c7,1
54c8,1
54c9,1
54ca,1
54cb,1
54cc,1
54cd,1
54ce,1
54cf,1
54d0,1
54d1,1
54d2,1
54d3,1
54d4,1
54d5,1
54d6,1
54d7,1
54d8,1
54d9,1
54da,1
54db,1
54dc,1
54dd,1
54de,1
54df,1
54e0,1
54e1,1
54e2,1
54e3,1
54e4,1
54e5,1
54e6,1
54e7,1
54e8,1
54e9,1
54ea,1
54eb,1
54ec,1
54ed,1
54ee,1
54ef,1
54f0,1
54f1,1
54f2,1
54f3,1
54f4,1
54f5,1
54f6,1
54f7,1
54f8,1
54f9,1
54fa,1
54fb,1
54fc,1
54fd,1
54fe,1
54ff,1
5500,1
5501,1
5502,1
5503,1
5504,1
5505,1
5506,1
5507,1
5508,1
5509,1
550a,1
550b,1
550c,1
550d,1
550e,1
550f,1
5510,1
5511,1
5512,1
5513,1
5514,1
5515,1
5516,1
5517,1
5518,1
5519,1
551a,1
551b,1
551c,1
551d,1
551e,1
551f,1
5520,1
5521,1
5522,1
5523,1
5524,1
5525,1
5526,1
5527,1
5528,1
5529,1
552a,1
552b,1
552c,1
552d,1
552e,1
552f,1
5530,1
5531,1
5532,1
5533,1
5534,1
5535,1
5536,1
5537,1
5538,1
5539,1
553a,1
553b,1
553c,1
553d,1
553e,1
553f,1
5540,1
5541,1
5542,1
5543,1
5544,1
5545,1
5546,1
5547,1
5548,1
5549,1
554a,1
554b,1
554c,1
554d,1
554e,1
554f,1
5550,1
5551,1
5552,1
5553,1
5554,1
5555,1
5556,1
5557,1
5558,1
5559,1
555a,1
555b,1
555c,1
555d,1
555e,1
555f,1
5560,1
5561,1
5562,1
5563,1
5564,1
5565,1
5566,1
5567,1
5568,1
5569,1
556a,1
556b,1
556c,1
556d,1
556e,1
556f,1
5570,1
5571,1
5572,1
5573,1
5574,1
5575,1
5576,1
5577,1
5578,1
5579,1
557a,1
557b,1
557c,1
557d,1
557e,1
557f,1
5580,1
5581,1
5582,1
5583,1
5584,1
5585,1
5586,1
5587,1
5588,1
5589,1
558a,1
558b,1
558c,1
558d,1
558e,1
558f,1
5590,1
5591,1
5592,1
5593,1
5594,1
5595,1
5596,1
5597,1
5598,1
5599,1
559a,1
559b,1
559c,1
559d,1
559e,1
559f,1
55a0,1
55a1,1
55a2,1
55a3,1
55a4,1
55a5,1
55a6,1
55a7,1
55a8,1
55a9,1
55aa,1
55ab,1
55ac,1
55ad,1
55ae,1
55af,1
55b0,1
55b1,1
55b2,1
55b3,1
55b4,1
55b5,1
55b6,1
55b7,1
55b8,1
55b9,1
55ba,1
55bb,1
55bc,1
55bd,1
55be,1
55bf,1
55c0,1
55c1,1
55c2,1
55c3,1
55c4,1
55c5,1
55c6,1
55c7,1
55c8,1
55c9,1
55ca,1
55cb,1
55cc,1
55cd,1
55ce,1
55cf,1
55d0,1
55d1,1
55d2,1
55d3,1
55d4,1
55d5,1
55d6,1
55d7,1
55d8,1
55d9,1
55da,1
55db,1
55dc,1
55dd,1
55de,1
55df,1
55e0,1
55e1,1
55e2,1
55e3,1
55e4,1
55e5,1
55e6,1
55e7,1
55e8,1
55e9,1
55ea,1
55eb,1
55ec,1
55ed,1
55ee,1
55ef,1
55f0,1
55f1,1
55f2,1
55f3,1
55f4,1
55f5,1
55f6,1
55f7,1
55f8,1
55f9,1
55fa,1
55fb,1
55fc,1
55fd,1
55fe,1
55ff,1
5600,1
5601,1
5602,1
5603,1
5604,1
5605,1
5606,1
5607,1
5608,1
5609,1
560a,1
560b,1
560c,1
560d,1
560e,1
560f,1
5610,1
5611,1
5612,1
5613,1
5614,1
5615,1
5616,1
5617,1
5618,1
5619,1
561a,1
561b,1
561c,1
561d,1
561e,1
561f,1
5620,1
5621,1
5622,1
5623,1
5624,1
5625,1
5626,1
5627,1
5628,1
5629,1
562a,1
562b,1
562c,1
562d,1
562e,1
562f,1
5630,1
5631,1
5632,1
5633,1
5634,1
5635,1
5636,1
5637,1
5638,1
5639,1
563a,1
563b,1
563c,1
563d,1
563e,1
563f,1
5640,1
5641,1
5642,1
5643,1
5644,1
5645,1
5646,1
5647,1
5648,1
5649,1
564a,1
564b,1
564c,1
564d,1
564e,1
564f,1
5650,1
5651,1
5652,1
5653,1
5654,1
5655,1
5656,1
5657,1
5658,1
5659,1
565a,1
565b,1
565c,1
565d,1
565e,1
565f,1
5660,1
5661,1
5662,1
5663,1
5664,1
5665,1
5666,1
5667,1
5668,1
5669,1
566a,1
566b,1
566c,1
566d,1
566e,1
566f,1
5670,1
5671,1
5672,1
5673,1
5674,1
5675,1
5676,1
5677,1
5678,1
5679,1
567a,1
567b,1
567c,1
567d,1
567e,1
567f,1
5680,1
5681,1
5682,1
5683,1
5684,1
5685,1
5686,1
5687,1
5688,1
5689,1
568a,1
568b,1
568c,1
568d,1
568e,1
568f,1
5690,1
5691,1
5692,1
5693,1
5694,1
5695,1
5696,1
5697,1
5698,1
5699,1
569a,1
569b,1
569c,1
569d,1
569e,1
569f,1
56a0,1
56a1,1
56a2,1
56a3,1
56a4,1
56a5,1
56a6,1
56a7,1
56a8,1
56a9,1
56aa,1
56ab,1
56ac,1
56ad,1
56ae,1
56af,1
56b0,1
56b1,1
56b2,1
56b3,1
56b4,1
56b5,1
56b6,1
56b7,1
56b8,1
56b9,1
56ba,1
56bb,1
56bc,1
56bd,1
56be,1
56bf,1
56c0,1
56c1,1
56c2,1
56c3,1
56c4,1
56c5,1
56c6,1
56c7,1
56c8,1
56c9,1
56ca,1
56cb,1
56cc,1
56cd,1
56ce,1
56cf,1
56d0,1
56d1,1
56d2,1
56d3,1
56d4,1
56d5,1
56d6,1
56d7,1
56d8,1
56d9,1
56da,1
56db,1
56dc,1
56dd,1
56de,1
56df,1
56e0,1
56e1,1
56e2,1
56e3,1
56e4,1
56e5,1
56e6,1
56e7,1
56e8,1
56e9,1
56ea,1
56eb,1
56ec,1
56ed,1
56ee,1
56ef,1
56f0,1
56f1,1
56f2,1
56f3,1
56f4,1
56f5,1
56f6,1
56f7,1
56f8,1
56f9,1
56fa,1
56fb,1
56fc,1
56fd,1
56fe,1
56ff,1
5700,1
5701,1
5702,1
5703,1
5704,1
5705,1
5706,1
5707,1
5708,1
5709,1
570a,1
570b,1
570c,1
570d,1
570e,1
570f,1
5710,1
5711,1
5712,1
5713,1
5714,1
5715,1
5716,1
5717,1
5718,1
5719,1
571a,1
571b,1
571c,1
571d,1
571e,1
571f,1
5720,1
5721,1
5722,1
5723,1
5724,1
5725,1
5726,1
5727,1
5728,1
5729,1
572a,1
572b,1
572c,1
572d,1
572e,1
572f,1
5730,1
5731,1
5732,1
5733,1
5734,1
5735,1
5736,1
5737,1
5738,1
5739,1
573a,1
573b,1
573c,1
573d,1
573e,1
573f,1
5740,1
5741,1
5742,1
5743,1
5744,1
5745,1
5746,1
5747,1
5748,1
5749,1
574a,1
574b,1
574c,1
574d,1
574e,1
574f,1
5750,1
5751,1
5752,1
5753,1
5754,1
5755,1
5756,1
5757,1
5758,1
5759,1
575a,1
575b,1
575c,1
575d,1
575e,1
575f,1
5760,1
5761,1
5762,1
5763,1
5764,1
5765,1
5766,1
5767,1
5768,1
5769,1
576a,1
576b,1
576c,1
576d,1
576e,1
576f,1
5770,1
5771,1
5772,1
5773,1
5774,1
5775,1
5776,1
5777,1
5778,1
5779,1
577a,1
577b,1
577c,1
577d,1
577e,1
577f,1
5780,1
5781,1
5782,1
5783,1
5784,1
5785,1
5786,1
5787,1
5788,1
5789,1
578a,1
578b,1
578c,1
578d,1
578e,1
578f,1
5790,1
5791,1
5792,1
5793,1
5794,1
5795,1
5796,1
5797,1
5798,1
5799,1
579a,1
579b,1
579c,1
579d,1
579e,1
579f,1
57a0,1
57a1,1
57a2,1
57a3,1
57a4,1
57a5,1
57a6,1
57a7,1
57a8,1
57a9,1
57aa,1
57ab,1
57ac,1
57ad,1
57ae,1
57af,1
57b0,1
57b1,1
57b2,1
57b3,1
57b4,1
57b5,1
57b6,1
57b7,1
57b8,1
57b9,1
57ba,1
57bb,1
57bc,1
57bd,1
57be,1
57bf,1
57c0,1
57c1,1
57c2,1
57c3,1
57c4,1
57c5,1
57c6,1
57c7,1
57c8,1
57c9,1
57ca,1
57cb,1
57cc,1
57cd,1
57ce,1
57cf,1
57d0,1
57d1,1
57d2,1
57d3,1
57d4,1
57d5,1
57d6,1
57d7,1
57d8,1
57d9,1
57da,1
57db,1
57dc,1
57dd,1
57de,1
57df,1
57e0,1
57e1,1
57e2,1
57e3,1
57e4,1
57e5,1
57e6,1
57e7,1
57e8,1
57e9,1
57ea,1
57eb,1
57ec,1
57ed,1
57ee,1
57ef,1
57f0,1
57f1,1
57f2,1
57f3,1
57f4,1
57f5,1
57f6,1
57f7,1
57f8,1
57f9,1
57fa,1
57fb,1
57fc,1
57fd,1
57fe,1
57ff,1
5800,1
5801,1
5802,1
5803,1
5804,1
5805,1
5806,1
5807,1
5808,1
5809,1
580a,1
580b,1
580c,1
580d,1
580e,1
580f,1
5810,1
5811,1
5812,1
5813,1
5814,1
5815,1
5816,1
5817,1
5818,1
5819,1
581a,1
581b,1
581c,1
581d,1
581e,1
581f,1
5820,1
5821,1
5822,1
5823,1
5824,1
5825,1
5826,1
5827,1
5828,1
5829,1
582a,1
582b,1
582c,1
582d,1
582e,1
582f,1
5830,1
5831,1
5832,1
5833,1
5834,1
5835,1
5836,1
5837,1
5838,1
5839,1
583a,1
583b,1
583c,1
583d,1
583e,1
583f,1
5840,1
5841,1
5842,1
5843,1
5844,1
5845,1
5846,1
5847,1
5848,1
5849,1
584a,1
584b,1
584c,1
584d,1
584e,1
584f,1
5850,1
5851,1
5852,1
5853,1
5854,1
5855,1
5856,1
5857,1
5858,1
5859,1
585a,1
585b,1
585c,1
585d,1
585e,1
585f,1
5860,1
5861,1
5862,1
5863,1
5864,1
5865,1
5866,1
5867,1
5868,1
5869,1
586a,1
586b,1
586c,1
586d,1
586e,1
586f,1
5870,1
5871,1
5872,1
5873,1
5874,1
5875,1
5876,1
5877,1
5878,1
5879,1
587a,1
587b,1
587c,1
587d,1
587e,1
587f,1
5880,1
5881,1
5882,1
5883,1
5884,1
5885,1
5886,1
5887,1
5888,1
5889,1
588a,1
588b,1
588c,1
588d,1
588e,1
588f,1
5890,1
5891,1
5892,1
5893,1
5894,1
5895,1
5896,1
5897,1
5898,1
5899,1
589a,1
589b,1
589c,1
589d,1
589e,1
589f,1
58a0,1
58a1,1
58a2,1
58a3,1
58a4,1
58a5,1
58a6,1
58a7,1
58a8,1
58a9,1
58aa,1
58ab,1
58ac,1
58ad,1
58ae,1
58af,1
58b0,1
58b1,1
58b2,1
58b3,1
58b4,1
58b5,1
58b6,1
58b7,1
58b8,1
58b9,1
58ba,1
58bb,1
58bc,1
58bd,1
58be,1
58bf,1
58c0,1
58c1,1
58c2,1
58c3,1
58c4,1
58c5,1
58c6,1
58c7,1
58c8,1
58c9,1
58ca,1
58cb,1
58cc,1
58cd,1
58ce,1
58cf,1
58d0,1
58d1,1
58d2,1
58d3,1
58d4,1
58d5,1
58d6,1
58d7,1
58d8,1
58d9,1
58da,1
58db,1
58dc,1
58dd,1
58de,1
58df,1
58e0,1
58e1,1
58e2,1
58e3,1
58e4,1
58e5,1
58e6,1
58e7,1
58e8,1
58e9,1
58ea,1
58eb,1
58ec,1
58ed,1
58ee,1
58ef,1
58f0,1
58f1,1
58f2,1
58f3,1
58f4,1
58f5,1
58f6,1
58f7,1
58f8,1
58f9,1
58fa,1
58fb,1
58fc,1
58fd,1
58fe,1
58ff,1
5900,1
5901,1
5902,1
5903,1
5904,1
5905,1
5906,1
5907,1
5908,1
5909,1
590a,1
590b,1
590c,1
590d,1
590e,1
590f,1
5910,1
5911,1
5912,1
5913,1
5914,1
5915,1
5916,1
5917,1
5918,1
5919,1
591a,1
591b,1
591c,1
591d,1
591e,1
591f,1
5920,1
5921,1
5922,1
5923,1
5924,1
5925,1
5926,1
5927,1
5928,1
5929,1
592a,1
592b,1
592c,1
592d,1
592e,1
592f,1
5930,1
5931,1
5932,1
5933,1
5934,1
5935,1
5936,1
5937,1
5938,1
5939,1
593a,1
593b,1
593c,1
593d,1
593e,1
593f,1
5940,1
5941,1
5942,1
5943,1
5944,1
5945,1
5946,1
5947,1
5948,1
5949,1
594a,1
594b,1
594c,1
594d,1
594e,1
594f,1
5950,1
5951,1
5952,1
5953,1
5954,1
5955,1
5956,1
5957,1
5958,1
5959,1
595a,1
595b,1
595c,1
595d,1
595e,1
595f,1
5960,1
5961,1
5962,1
5963,1
5964,1
5965,1
5966,1
5967,1
5968,1
5969,1
596a,1
596b,1
596c,1
596d,1
596e,1
596f,1
5970,1
5971,1
5972,1
5973,1
5974,1
5975,1
5976,1
5977,1
5978,1
5979,1
597a,1
597b,1
597c,1
597d,1
597e,1
597f,1
5980,1
5981,1
5982,1
5983,1
5984,1
5985,1
5986,1
5987,1
5988,1
5989,1
598a,1
598b,1
598c,1
598d,1
598e,1
598f,1
5990,1
5991,1
5992,1
5993,1
5994,1
5995,1
5996,1
5997,1
5998,1
5999,1
599a,1
599b,1
599c,1
599d,1
599e,1
599f,1
59a0,1
59a1,1
59a2,1
59a3,1
59a4,1
59a5,1
59a6,1
59a7,1
59a8,1
59a9,1
59aa,1
59ab,1
59ac,1
59ad,1
59ae,1
59af,1
59b0,1
59b1,1
59b2,1
59b3,1
59b4,1
59b5,1
59b6,1
59b7,1
